
Initialising ...

Starting clock.
Stopped clock.

X = [-0.678  ; -0.425  ;  0.223  ;  0.611  ;  0.218  ;  0.735  ;  0.005  ;  1.086  ;  0.295  ; -0.314  ;  0.953  ;  0.021  ;  1.170  ; -0.602  ; -0.766  ; -1.404  ; -0.618  ; -0.096  ;  1.411  ; -1.378  ;  0.007  ; -0.870  ;  1.249  ; -0.703  ;  0.244  ;  0.853  ;  0.592  ; -0.917  ; -1.978  ;  0.520  ;  0.818  ;  0.476  ; -0.144  ;  0.778  ;  0.520  ; -0.868  ;  2.088  ; -0.566  ; -0.281  ;  0.549  ; -1.070  ; -0.166  ;  0.408  ; -0.548  ; -0.846  ;  1.536  ;  1.710  ; -0.024  ;  1.204  ; -0.531  ; -0.141  ;  0.387  ; -0.164  ; -0.430  ; -0.176  ;  0.336  ;  0.119  ; -0.032  ; -1.342  ; -0.916  ; -0.462  ; -0.350  ; -0.549  ;  1.079  ; -0.512  ; -0.532  ; -1.957  ; -1.331  ;  0.257  ; -1.022  ;  0.496  ; -1.164  ;  1.291  ; -0.173  ; -1.321  ;  0.422  ; -0.877  ; -1.020  ;  0.207  ; -1.449  ;  0.594  ; -0.268  ; -0.396  ; -1.802  ; -0.798  ; -2.394  ; -0.428  ; -1.255  ;  0.095  ;  0.794  ; -1.535  ;  2.093  ;  0.236  ; -0.396  ;  0.712  ;  0.471  ;  0.109  ;  1.180  ;  0.288  ;  0.408  ; -0.199  ;  0.120  ;  2.246  ; -0.832  ; -0.391  ;  0.721  ; -1.702  ; -0.639  ; -1.236  ; -0.474  ;  1.279  ; -1.951  ;  0.455  ; -0.409  ; -0.053  ; -1.598  ; -0.276  ; -0.857  ;  0.612  ;  0.256  ; -1.687  ; -0.271  ;  0.675  ;  1.446  ; -0.775  ; -1.272  ; -0.265  ;  1.368  ;  0.707  ; -0.676  ;  0.526  ;  0.123  ;  0.110  ; -1.778  ;  0.614  ;  0.824  ; -0.916  ;  0.066  ;  0.294  ; -0.201  ; -0.296  ;  0.866  ; -0.528  ;  0.481  ; -0.067  ;  0.225  ;  0.467  ;  0.189  ;  0.205  ; -0.486  ; -0.488  ;  0.291  ;  3.273  ; -0.232  ; -0.486  ; -0.965  ;  0.213  ; -0.454  ; -0.314  ; -0.146  ; -0.772  ;  1.243  ; -0.355  ; -1.385  ;  0.947  ;  1.888  ;  0.080  ; -1.681  ;  0.457  ;  1.944  ;  1.201  ; -0.165  ; -0.220  ; -1.690  ;  0.165  ; -2.311  ;  0.056  ; -0.373  ;  0.815  ;  0.518  ; -0.229  ;  1.617  ; -0.285  ;  1.134  ;  0.889  ;  1.241  ; -0.149  ;  0.865  ; -1.309  ; -0.612  ;  1.004  ;  1.045  ;  0.181  ;  1.160  ;  0.056  ;  0.425  ; -1.124  ;  0.037  ;  0.540  ; -1.025  ; -0.577  ; -0.055  ;  1.454  ; -0.526  ;  0.083  ;  1.430  ;  0.051  ; -0.016  ; -2.144  ; -1.252  ; -0.052  ;  0.487  ;  0.007  ;  0.876  ;  0.027  ;  0.623  ; -1.113  ;  0.684  ; -0.897  ; -0.761  ;  0.497  ;  1.024  ;  0.949  ; -1.071  ; -1.632  ; -0.901  ;  1.084  ;  1.303  ;  0.191  ;  1.428  ; -0.865  ;  0.690  ;  0.594  ;  0.222  ; -0.765  ; -0.698  ;  0.560  ;  0.540  ; -0.132  ; -1.024  ;  0.737  ; -0.014  ;  0.310  ;  0.873  ;  0.122  ;  1.040  ; -1.835  ;  0.201  ;  2.233  ; -1.051  ; -0.166  ; -0.306  ;  0.873  ; -1.300  ; -1.517  ;  1.170  ;  1.282  ; -0.862  ;  1.809  ;  1.923  ; -1.456  ;  0.822  ;  0.921  ; -1.406  ; -0.816  ;  0.712  ;  0.832  ;  0.091  ; -1.426  ;  1.484  ; -0.103  ; -1.021  ;  1.652  ; -0.536  ; -0.708  ;  0.464  ;  0.297  ; -0.866  ;  0.952  ;  0.475  ;  0.462  ; -0.997  ;  0.806  ; -0.138  ;  0.929  ;  0.845  ;  1.295  ;  0.378  ; -0.777  ; -1.193  ;  1.884  ;  0.090  ; -0.056  ;  1.486  ; -1.580  ;  1.499  ; -1.174  ;  2.869  ; -0.051  ; -1.204  ; -0.615  ;  0.301  ; -0.212  ;  0.002  ;  0.966  ; -0.016  ; -0.253  ;  0.678  ; -1.083  ; -0.472  ; -0.613  ; -0.510  ; -0.630  ;  0.353  ;  0.737  ; -0.053  ;  0.153  ; -0.059  ;  1.340  ; -0.786  ; -3.163  ;  0.607  ;  0.425  ; -0.794  ; -0.249  ;  1.275  ; -1.279  ; -0.549  ;  0.732  ;  1.203  ; -0.495  ;  0.903  ; -0.550  ; -0.186  ; -0.271  ;  0.696  ; -2.611  ;  0.331  ; -0.625  ;  1.181  ;  1.197  ;  0.583  ;  0.137  ; -0.118  ; -0.713  ;  1.119  ; -0.064  ;  1.013  ;  0.981  ; -0.802  ;  1.015  ; -0.213  ; -0.637  ; -1.015  ;  0.632  ; -1.508  ;  0.663  ;  0.171  ;  0.319  ;  1.285  ;  0.269  ;  0.743  ;  1.752  ;  0.563  ;  0.400  ;  0.154  ; -0.493  ; -0.190  ;  0.899  ; -0.708  ;  0.470  ; -0.517  ;  0.592  ;  2.320  ; -0.059  ; -0.306  ; -0.520  ; -1.764  ; -0.209  ;  0.420  ;  0.199  ; -0.703  ;  0.296  ;  0.357  ;  1.120  ;  0.602  ; -0.907  ; -0.936  ; -0.234  ; -0.107  ; -0.406  ;  0.434  ;  0.062  ; -0.650  ; -2.334  ; -0.615  ; -0.883  ;  1.437  ; -1.731  ; -1.298  ; -0.528  ;  0.380  ;  0.394  ; -0.381  ; -1.539  ;  1.312  ; -0.851  ; -0.133  ; -0.383  ;  1.257  ;  0.444  ; -0.158  ;  0.644  ;  0.011  ; -0.406  ;  0.375  ; -1.022  ;  0.525  ; -0.406  ;  1.274  ; -0.098  ;  0.367  ; -0.844  ; -1.193  ; -0.462  ; -0.322  ; -0.838  ; -0.243  ; -0.576  ;  1.554  ; -0.639  ;  1.131  ; -0.965  ;  0.102  ; -1.877  ; -0.578  ;  0.310  ; -0.540  ; -0.185  ;  0.306  ; -1.058  ; -0.998  ;  0.095  ;  3.028  ; -0.679  ;  0.321  ;  0.017  ; -1.477  ;  0.071  ;  0.494  ; -0.393  ; -1.023  ; -0.761  ; -0.348  ;  0.599  ;  0.914  ; -0.937  ;  0.032  ;  2.350  ;  0.767  ;  0.038  ;  0.499  ;  0.848  ;  0.372  ;  0.187  ;  2.021  ; -0.332  ;  0.618  ; -0.959  ;  0.613  ;  0.198  ; -0.796  ; -0.196  ;  0.037  ; -0.594  ; -0.102  ; -0.671  ; -0.512  ;  0.042  ; -1.010  ;  1.059  ;  0.127  ;  0.705  ; -0.766  ;  0.563  ; -0.306  ; -0.890  ;  0.349  ; -0.444  ;  0.459  ; -0.504  ; -0.946  ;  1.167  ; -1.241  ;  0.102  ;  1.220  ;  0.941  ;  0.483  ;  1.156  ; -0.334  ]

Elapsed time = 117.803 ms.
(CPU times are accurate to the nearest 0.001 ms)
My total CPU time for parent = 0.053 ms.
My system CPU time for parent = 0.001 ms.
My total CPU time for child processes = 0 ms.
--------------------------------------------
