
Initialising ...

Starting clock.
Stopped clock.

X = [ 1.200  ; -0.083  ;  2.640  ; -0.277  ; -3.146  ;  0.907  ; -0.756  ;  0.518  ;  1.741  ; -0.502  ; -0.109  ;  2.888  ; -2.108  ;  0.526  ; -0.530  ; -1.744  ;  3.967  ;  0.453  ; -2.002  ;  0.386  ; -0.200  ;  0.745  ;  0.184  ;  0.387  ; -2.747  ; -1.914  ;  1.184  ; -0.907  ;  0.811  ;  0.022  ; -0.325  ;  0.298  ;  2.508  ; -3.761  ; -1.362  ;  1.842  ;  1.748  ;  1.999  ; -0.109  ; -1.758  ;  0.851  ; -0.477  ; -1.958  ; -0.624  ;  0.039  ; -1.278  ; -1.505  ; -0.230  ;  0.632  ;  1.345  ;  0.275  ;  0.652  ; -1.128  ;  1.741  ; -0.875  ;  1.824  ;  0.649  ; -0.438  ;  0.341  ; -3.396  ; -1.115  ;  0.694  ;  0.096  ;  2.301  ;  0.285  ;  0.240  ; -0.587  ; -0.278  ; -0.861  ;  2.184  ; -3.799  ; -0.304  ; -0.667  ; -2.553  ; -0.555  ; -2.688  ;  0.948  ;  1.353  ;  0.719  ;  1.834  ; -0.717  ;  2.222  ; -1.757  ; -0.178  ;  1.574  ;  0.292  ;  1.328  ; -0.819  ; -0.881  ; -1.113  ; -0.784  ; -0.960  ;  0.985  ; -0.297  ;  2.460  ; -3.206  ;  1.427  ; -0.995  ; -0.769  ; -0.966  ; -1.164  ;  0.443  ; -0.363  ;  1.299  ;  0.106  ;  1.455  ; -2.338  ;  0.233  ;  2.609  ;  3.128  ; -1.847  ;  0.306  ; -0.728  ;  0.488  ;  0.746  ;  1.191  ;  1.024  ; -2.626  ;  0.809  ; -0.159  ;  0.893  ; -1.920  ; -2.099  ;  0.893  ; -0.850  ; -0.551  ; -0.921  ;  1.178  ; -2.073  ;  0.562  ; -1.237  ;  4.047  ;  0.670  ;  0.976  ; -1.380  ; -0.722  ; -0.362  ; -0.997  ; -0.976  ;  2.029  ; -0.521  ;  0.129  ;  1.345  ;  2.991  ; -1.302  ; -1.547  ; -2.893  ; -2.974  ; -0.977  ; -0.144  ; -1.525  ; -0.008  ; -0.098  ;  1.250  ; -0.904  ;  1.247  ; -0.342  ;  1.245  ; -1.785  ;  1.619  ;  0.042  ;  0.213  ;  1.413  ; -1.993  ;  1.454  ;  3.427  ;  2.622  ; -1.825  ; -0.736  ;  1.058  ; -0.190  ;  0.445  ;  0.908  ;  0.318  ; -0.165  ; -0.288  ;  0.697  ;  0.009  ; -0.128  ; -0.894  ;  1.546  ;  3.237  ;  2.567  ; -1.639  ;  0.148  ; -0.542  ; -1.058  ;  0.969  ; -1.712  ;  0.894  ; -2.104  ; -1.089  ;  0.536  ;  4.517  ; -1.942  ;  0.051  ;  2.351  ; -0.847  ; -0.616  ; -0.122  ]

Elapsed time = 16.851 ms.
(CPU times are accurate to the nearest 0.001 ms)
My total CPU time for parent = 0.006 ms.
My system CPU time for parent = 0.001 ms.
My total CPU time for child processes = 0 ms.
--------------------------------------------
